-5.832987
-5.418115
-5.165267
-5.035334
-4.964832
-4.920486
-4.886548
-4.857368
-4.825704
-4.805815
-4.780488
-4.755733
-4.730711
-4.703703
-4.682771
-4.653840
-4.628104
-4.606003
-4.578320
-4.550407
-4.527160
-4.504405
-4.483344
-4.452554
-4.428204
-4.400494
-4.376143
-4.351576
-4.324767
-4.300484
-4.276641
-4.253086
-4.226844
-4.198768
-4.173667
-4.149858
-4.126723
-4.101917
-4.077267
-4.052009
-4.024551
-3.996843
-3.972402
-3.951380
-3.928261
-3.901762
-3.874140
-3.850003
-3.824726
-3.802521
-3.779925
-3.748914
-3.719747
-3.692168
-3.667166
-3.643026
-3.623979
-3.603488
-3.578098
-3.550865
-3.523611
-3.496983
-3.471073
-3.448645
-3.426895
-3.400166
-3.373229
-3.348679
-3.324216
-3.297883
-3.273065
-3.249676
-3.221793
-3.196802
-3.172228
-3.143977
-3.118774
-3.094454
-3.070049
-3.045369
-3.021163
-2.996539
-2.971028
-2.945033
-2.918638
-2.892272
-2.866863
-2.840121
-2.817459
-2.794046
-2.769608
-2.744194
-2.716685
-2.691578
-2.666889
-2.642085
-2.618090
-2.593954
-2.568319
-2.543431
-2.518788
-2.492239
-2.466946
-2.442562
-2.418549
-2.394320
-2.368847
-2.344251
-2.319983
-2.295291
-2.269188
-2.243735
-2.218275
-2.192944
-2.167505
-2.143233
-2.118817
-2.095278
-2.070825
-2.044038
-2.017843
-1.992315
-1.967577
-1.942585
-1.916599
-1.891499
-1.866325
-1.841145
-1.815726
-1.790236
-1.764346
-1.738674
-1.713066
-1.688636
-1.664034
-1.638287
-1.612546
-1.588398
-1.564111
-1.539258
-1.513832
-1.488717
-1.463915
-1.439220
-1.413768
-1.388405
-1.363811
-1.338760
-1.313718
-1.288456
-1.262067
-1.237257
-1.212305
-1.187259
-1.163462
-1.139803
-1.116024
-1.092177
-1.065475
-1.039056
-1.012897
-0.987433
-0.962452
-0.937415
-0.912400
-0.887116
-0.862357
-0.837647
-0.812434
-0.787657
-0.763124
-0.738576
-0.714140
-0.689625
-0.662800
-0.637095
-0.611142
-0.586184
-0.560716
-0.535038
-0.510265
-0.485733
-0.460615
-0.435388
-0.409805
-0.385024
-0.359715
-0.335343
-0.311131
-0.285824
-0.260885
-0.234407
-0.208806
-0.183640
-0.159312
-0.135205
-0.109987
-0.084648
-0.058347
-0.032339
-0.003942
0.020144
0.043750
0.068980
0.094214
0.118510
0.142624
0.166648
0.191230
0.215367
0.239511
0.265373
0.290749
0.316071
0.341765
0.367383
0.395745
0.420963
0.444104
0.469003
0.494258
0.517578
0.543870
0.567082
0.592736
0.616144
0.641611
0.669006
0.693653
0.721156
0.747924
0.772949
0.796913
0.818398
0.844122
0.870585
0.895943
0.921365
0.947240
0.972066
0.997753
1.021511
1.048445
1.070555
1.097846
1.122468
1.149573
1.171349
1.194351
1.221401
1.250543
1.271576
1.297513
1.322822
1.348620
3.080031
