-5.960405
-5.657070
-5.385169
-5.261429
-5.200593
-5.158699
-5.138704
-5.110391
-5.083754
-5.058171
-5.031566
-5.006424
-4.981482
-4.952227
-4.928338
-4.903112
-4.873333
-4.853693
-4.824617
-4.795322
-4.768344
-4.743267
-4.717823
-4.693518
-4.667751
-4.643054
-4.612736
-4.589490
-4.563516
-4.540852
-4.512289
-4.483709
-4.458766
-4.429434
-4.402533
-4.376309
-4.349926
-4.322087
-4.297997
-4.269815
-4.247729
-4.225794
-4.197074
-4.167521
-4.143110
-4.120149
-4.096445
-4.067811
-4.041173
-4.014785
-3.987484
-3.959700
-3.933431
-3.908742
-3.880746
-3.852870
-3.828577
-3.803455
-3.779289
-3.754507
-3.724597
-3.693368
-3.665815
-3.638627
-3.612189
-3.587001
-3.562428
-3.541471
-3.519146
-3.492353
-3.464869
-3.437032
-3.409389
-3.383907
-3.359691
-3.332049
-3.302528
-3.277004
-3.252519
-3.225320
-3.199794
-3.175079
-3.151457
-3.126141
-3.097154
-3.070588
-3.044564
-3.017561
-2.992514
-2.966070
-2.938977
-2.912412
-2.887029
-2.861150
-2.834688
-2.808094
-2.780146
-2.754784
-2.729991
-2.703431
-2.675256
-2.646267
-2.620012
-2.594490
-2.568620
-2.542780
-2.517171
-2.490963
-2.465549
-2.441087
-2.416636
-2.390662
-2.362873
-2.335988
-2.309053
-2.283215
-2.256881
-2.230630
-2.204035
-2.178828
-2.154357
-2.128824
-2.102330
-2.075834
-2.048746
-2.022027
-1.995806
-1.969680
-1.943919
-1.918211
-1.892728
-1.866628
-1.840292
-1.814513
-1.788419
-1.761758
-1.735953
-1.709955
-1.683413
-1.657270
-1.631266
-1.605186
-1.578273
-1.551441
-1.524943
-1.499088
-1.473085
-1.447149
-1.420779
-1.393711
-1.368393
-1.343471
-1.317667
-1.291478
-1.264202
-1.237895
-1.212177
-1.185747
-1.159373
-1.132787
-1.105781
-1.080763
-1.055609
-1.029783
-1.003417
-0.977215
-0.951880
-0.925573
-0.899369
-0.872954
-0.846478
-0.819811
-0.793872
-0.768194
-0.742640
-0.717156
-0.691149
-0.663990
-0.638294
-0.612178
-0.586745
-0.561029
-0.534549
-0.508932
-0.482029
-0.454412
-0.428409
-0.402327
-0.374618
-0.346855
-0.320314
-0.294222
-0.270055
-0.244677
-0.218888
-0.192234
-0.166362
-0.140442
-0.115651
-0.089186
-0.061673
-0.034071
-0.004034
0.022169
0.046133
0.070949
0.097662
0.123922
0.148440
0.173094
0.198388
0.224383
0.251472
0.278372
0.303083
0.327816
0.353521
0.380220
0.406381
0.433995
0.461292
0.487100
0.512118
0.538115
0.566034
0.594065
0.619289
0.645015
0.669906
0.695887
0.720505
0.743434
0.769370
0.793443
0.821152
0.848899
0.877359
0.909173
0.935139
0.960079
0.985382
1.010170
1.038549
1.065357
1.094319
1.119756
1.147450
1.180024
1.198883
1.222146
1.250953
1.272053
1.299488
1.317235
1.352298
3.273369
