-6.402058
-5.882805
-5.622129
-5.523621
-5.466603
-5.432693
-5.399659
-5.384495
-5.352915
-5.318067
-5.284130
-5.258971
-5.218677
-5.182691
-5.155492
-5.123179
-5.094938
-5.064610
-5.030583
-4.999599
-4.969519
-4.935614
-4.908950
-4.876663
-4.849493
-4.815461
-4.784175
-4.753428
-4.721879
-4.692781
-4.661710
-4.630751
-4.595349
-4.565264
-4.532194
-4.506108
-4.476090
-4.445821
-4.413857
-4.379303
-4.349437
-4.320195
-4.290166
-4.255205
-4.225111
-4.196872
-4.165999
-4.135380
-4.103655
-4.071150
-4.042156
-4.013336
-3.979936
-3.951013
-3.921150
-3.891967
-3.859682
-3.828443
-3.794826
-3.763281
-3.734570
-3.701801
-3.667072
-3.639599
-3.610397
-3.581515
-3.552062
-3.523099
-3.493782
-3.463224
-3.431887
-3.399697
-3.365557
-3.332644
-3.299196
-3.263996
-3.239542
-3.212573
-3.177803
-3.141987
-3.114995
-3.086646
-3.051073
-3.022674
-2.994810
-2.967294
-2.935771
-2.894960
-2.864048
-2.833418
-2.803885
-2.773102
-2.740955
-2.708458
-2.674956
-2.642243
-2.616916
-2.592908
-2.562572
-2.525952
-2.488928
-2.460609
-2.432372
-2.399638
-2.370740
-2.340747
-2.305927
-2.277942
-2.251102
-2.224062
-2.196125
-2.165760
-2.134299
-2.105140
-2.077329
-2.042182
-2.007803
-1.976211
-1.944596
-1.909848
-1.878082
-1.849333
-1.821661
-1.791381
-1.757652
-1.728209
-1.699293
-1.667723
-1.638041
-1.608023
-1.570852
-1.537892
-1.505374
-1.474347
-1.446732
-1.417553
-1.386200
-1.353627
-1.323074
-1.291343
-1.257997
-1.230819
-1.202079
-1.171538
-1.136738
-1.100036
-1.071748
-1.044894
-1.014894
-0.984153
-0.951091
-0.918105
-0.885915
-0.854570
-0.826248
-0.799391
-0.766140
-0.730692
-0.693801
-0.664814
-0.638338
-0.610717
-0.582654
-0.551400
-0.517425
-0.490653
-0.461230
-0.431168
-0.402706
-0.370525
-0.340625
-0.313850
-0.285581
-0.253050
-0.221818
-0.186346
-0.153891
-0.122118
-0.092717
-0.063490
-0.032998
0.000002
0.029879
0.061673
0.096013
0.127044
0.158568
0.187537
0.219605
0.250724
0.285682
0.313193
0.340969
0.374009
0.405968
0.436961
0.466472
0.503074
0.526670
0.555542
0.586446
0.619227
0.651459
0.692719
0.720125
0.747201
0.774898
0.806652
0.843527
0.869166
0.890473
0.917406
0.955302
0.980776
1.016741
1.047502
1.072293
1.098840
1.134282
1.171874
1.202709
1.230891
1.255401
1.294788
1.331097
1.356712
1.386294
1.409444
1.448328
1.485854
1.505264
1.537677
1.583536
1.609438
1.642841
1.668838
1.701248
1.720664
1.762633
1.791606
1.819158
1.869983
1.879095
1.912326
1.945557
1.985916
2.011253
2.040669
2.077574
2.105541
2.133509
2.165367
2.197225
2.226747
2.256269
5.119606
