-6.157679
-5.783481
-5.580204
-5.457428
-5.353275
-5.307952
-5.263742
-5.230978
-5.206444
-5.176553
-5.149423
-5.118905
-5.093850
-5.065164
-5.033188
-5.003304
-4.978821
-4.955215
-4.924018
-4.895912
-4.866777
-4.842025
-4.811300
-4.785028
-4.752085
-4.725233
-4.700374
-4.670932
-4.643988
-4.614363
-4.584171
-4.555955
-4.527042
-4.499493
-4.469496
-4.442313
-4.413449
-4.386640
-4.362845
-4.331119
-4.298533
-4.269060
-4.240148
-4.211812
-4.183084
-4.158907
-4.134631
-4.102968
-4.077199
-4.049273
-4.017428
-3.988622
-3.960713
-3.930896
-3.901649
-3.873080
-3.850278
-3.825526
-3.794897
-3.763947
-3.737314
-3.712073
-3.685245
-3.650762
-3.614736
-3.585853
-3.557076
-3.528492
-3.500856
-3.481028
-3.459484
-3.429448
-3.398535
-3.367965
-3.337465
-3.313999
-3.289221
-3.257492
-3.224786
-3.197736
-3.170830
-3.138769
-3.112860
-3.086712
-3.051613
-3.022792
-2.996433
-2.970025
-2.943109
-2.916058
-2.888918
-2.860615
-2.832087
-2.803310
-2.773036
-2.742377
-2.712456
-2.688779
-2.664636
-2.635662
-2.602470
-2.569466
-2.542517
-2.516229
-2.486864
-2.459899
-2.431951
-2.401371
-2.374932
-2.350425
-2.325706
-2.299134
-2.269296
-2.238048
-2.203648
-2.176120
-2.149292
-2.124133
-2.100148
-2.073946
-2.041948
-2.012158
-1.982035
-1.950232
-1.923352
-1.897113
-1.869581
-1.842153
-1.816076
-1.788638
-1.757389
-1.728121
-1.699156
-1.669926
-1.640977
-1.611531
-1.584689
-1.558542
-1.531721
-1.503469
-1.474380
-1.445903
-1.417356
-1.387315
-1.359256
-1.331735
-1.304034
-1.277106
-1.249424
-1.221336
-1.192403
-1.162447
-1.132954
-1.101159
-1.073932
-1.046620
-1.018631
-0.989675
-0.963328
-0.937233
-0.910514
-0.881006
-0.851360
-0.821763
-0.794044
-0.768186
-0.743251
-0.717787
-0.691133
-0.658883
-0.628745
-0.598899
-0.568917
-0.540850
-0.513455
-0.486726
-0.460256
-0.432295
-0.404515
-0.375545
-0.345835
-0.316391
-0.287074
-0.257871
-0.229574
-0.202541
-0.174815
-0.145215
-0.117271
-0.089149
-0.059691
-0.030611
-0.000481
0.027225
0.054254
0.080854
0.106498
0.133805
0.161538
0.190702
0.221750
0.252158
0.282913
0.310300
0.337220
0.366830
0.399111
0.423686
0.450371
0.478179
0.505962
0.533531
0.559929
0.588017
0.617398
0.643231
0.668134
0.695222
0.729782
0.761184
0.790379
0.818739
0.847980
0.875969
0.901660
0.924509
0.954324
0.980884
1.008960
1.036361
1.064481
1.097664
1.125496
1.150919
1.180842
1.206841
1.243094
1.269116
1.296650
1.327867
1.354184
1.383474
1.415129
1.444586
1.472542
1.500531
1.525998
1.561257
1.583972
1.610734
1.645106
1.664873
1.699729
1.727920
1.749346
3.878498
