-6.458192
-5.946241
-5.706475
-5.578936
-5.480401
-5.414813
-5.376889
-5.344670
-5.316560
-5.285885
-5.252782
-5.217762
-5.186796
-5.152170
-5.126469
-5.090865
-5.062910
-5.029120
-4.996641
-4.975357
-4.943357
-4.911428
-4.881708
-4.852150
-4.823762
-4.788390
-4.760657
-4.733006
-4.699391
-4.672708
-4.638667
-4.607577
-4.575960
-4.549310
-4.519713
-4.489247
-4.459090
-4.429557
-4.399457
-4.368540
-4.338048
-4.309887
-4.274952
-4.243467
-4.213396
-4.181106
-4.150073
-4.120317
-4.094189
-4.067117
-4.033494
-4.000643
-3.970715
-3.940515
-3.911359
-3.880893
-3.849594
-3.818590
-3.787605
-3.761178
-3.733478
-3.700351
-3.666452
-3.637078
-3.608187
-3.580733
-3.552437
-3.523103
-3.493869
-3.463196
-3.431648
-3.399361
-3.367603
-3.334694
-3.301390
-3.276469
-3.252330
-3.218164
-3.183644
-3.156517
-3.128771
-3.093638
-3.065111
-3.036493
-2.999595
-2.970621
-2.943740
-2.916731
-2.889256
-2.859748
-2.831321
-2.799976
-2.770137
-2.738144
-2.706173
-2.672168
-2.638567
-2.604131
-2.569588
-2.542026
-2.515042
-2.484478
-2.452712
-2.423563
-2.394979
-2.362185
-2.332763
-2.303262
-2.274425
-2.245953
-2.218276
-2.190720
-2.152724
-2.117800
-2.083809
-2.057254
-2.031591
-2.004435
-1.974137
-1.943931
-1.910502
-1.878887
-1.849967
-1.821573
-1.790710
-1.758923
-1.729584
-1.699526
-1.669050
-1.639316
-1.608913
-1.576828
-1.544811
-1.512188
-1.483377
-1.454433
-1.422582
-1.388573
-1.359615
-1.331493
-1.303146
-1.275301
-1.245949
-1.213471
-1.183613
-1.155574
-1.127150
-1.097381
-1.064321
-1.034118
-1.005058
-0.975714
-0.945867
-0.914985
-0.882924
-0.850906
-0.820083
-0.790679
-0.760906
-0.728773
-0.694399
-0.665510
-0.636737
-0.607961
-0.579641
-0.549624
-0.516999
-0.488750
-0.461442
-0.432416
-0.403284
-0.370967
-0.340439
-0.312190
-0.283600
-0.252480
-0.221240
-0.188557
-0.156860
-0.125997
-0.095029
-0.064006
-0.031920
-0.000153
0.030107
0.059818
0.089390
0.119851
0.151669
0.182387
0.215009
0.243150
0.269482
0.295301
0.329520
0.363702
0.400059
0.428075
0.454195
0.481315
0.512666
0.546875
0.577937
0.606875
0.635799
0.664351
0.693503
0.724997
0.755932
0.784873
0.815401
0.846587
0.878414
0.913195
0.942027
0.974173
1.004261
1.034290
1.063164
1.097492
1.124741
1.152720
1.183713
1.213348
1.246767
1.272444
1.301280
1.328595
1.360213
1.387303
1.420931
1.456814
1.486130
1.511407
1.544071
1.577573
1.609152
1.639875
1.666111
1.699736
1.725600
1.756772
1.790473
1.822487
1.848990
1.879050
1.910001
1.943368
1.970191
2.000614
2.032717
2.061048
2.079281
2.116802
2.151746
5.006556
