-6.389432
-5.935109
-5.672873
-5.546564
-5.474975
-5.418539
-5.378545
-5.346825
-5.301963
-5.269831
-5.241509
-5.211907
-5.187482
-5.153620
-5.122890
-5.094346
-5.061769
-5.031794
-5.001303
-4.970078
-4.939460
-4.904192
-4.872122
-4.840596
-4.812796
-4.781819
-4.747534
-4.716994
-4.687177
-4.653141
-4.623776
-4.593769
-4.563691
-4.531461
-4.497755
-4.464497
-4.436775
-4.407668
-4.375423
-4.343797
-4.312893
-4.282772
-4.252996
-4.217992
-4.182611
-4.152376
-4.126539
-4.100204
-4.068366
-4.033535
-4.000106
-3.969693
-3.941176
-3.911455
-3.881428
-3.849815
-3.816878
-3.783018
-3.748925
-3.716423
-3.689162
-3.661947
-3.633847
-3.597124
-3.558870
-3.527961
-3.498336
-3.467652
-3.436052
-3.402826
-3.369214
-3.336935
-3.313633
-3.289901
-3.254779
-3.218732
-3.183974
-3.157482
-3.131625
-3.097395
-3.067776
-3.037374
-2.999872
-2.970552
-2.942921
-2.913883
-2.884125
-2.842242
-2.809556
-2.777065
-2.749430
-2.725664
-2.701421
-2.668550
-2.635996
-2.600594
-2.566557
-2.535569
-2.508047
-2.478913
-2.441052
-2.403216
-2.374975
-2.347396
-2.321946
-2.297174
-2.261949
-2.228878
-2.196604
-2.164614
-2.133802
-2.104638
-2.075475
-2.040675
-2.007403
-1.975832
-1.945433
-1.913984
-1.882190
-1.850679
-1.820594
-1.790501
-1.759269
-1.729408
-1.699590
-1.668950
-1.638703
-1.607478
-1.572498
-1.539182
-1.506647
-1.474767
-1.444614
-1.415416
-1.385757
-1.354240
-1.323333
-1.291633
-1.258153
-1.227272
-1.197449
-1.166203
-1.133607
-1.099786
-1.069486
-1.039847
-1.009611
-0.979112
-0.948136
-0.916342
-0.883715
-0.851607
-0.819824
-0.789681
-0.759858
-0.727772
-0.694291
-0.665047
-0.636231
-0.605479
-0.572329
-0.540552
-0.509074
-0.476674
-0.444981
-0.410028
-0.382981
-0.354444
-0.324541
-0.290850
-0.258933
-0.227564
-0.198439
-0.168075
-0.136108
-0.103745
-0.070869
-0.035186
-0.000513
0.027343
0.055590
0.084564
0.113577
0.144642
0.174716
0.202226
0.229656
0.261058
0.292092
0.328629
0.363754
0.401015
0.428400
0.457955
0.485373
0.515296
0.550932
0.581468
0.610332
0.638755
0.665225
0.694411
0.730075
0.760776
0.789091
0.819350
0.850295
0.885322
0.917061
0.952122
0.982242
1.014192
1.045740
1.072179
1.099517
1.132193
1.165328
1.200874
1.230316
1.258811
1.290914
1.320988
1.353064
1.385951
1.422484
1.454395
1.483825
1.511678
1.545406
1.576717
1.610333
1.641582
1.674543
1.702777
1.731302
1.764892
1.791306
1.816646
1.844024
1.879359
1.906711
1.945118
1.987667
2.019688
2.049534
2.081840
2.105435
2.141868
2.173153
2.198497
2.222849
2.257302
2.296228
2.330707
2.356476
5.259090
