-5.945226
-5.525970
-5.408583
-5.377561
-5.347100
-5.322205
-5.297310
-5.261631
-5.229302
-5.197359
-5.170735
-5.142624
-5.111462
-5.078274
-5.048757
-5.017049
-4.974411
-4.958459
-4.929399
-4.902359
-4.868560
-4.840051
-4.803927
-4.774322
-4.742094
-4.720369
-4.679005
-4.653864
-4.627926
-4.599361
-4.565697
-4.534399
-4.503386
-4.477198
-4.445635
-4.419093
-4.388197
-4.358681
-4.324307
-4.300061
-4.269833
-4.241391
-4.211769
-4.178645
-4.149457
-4.118188
-4.085589
-4.053026
-4.025589
-3.997013
-3.958616
-3.931556
-3.904363
-3.873971
-3.849658
-3.817826
-3.786167
-3.758070
-3.723629
-3.691343
-3.663702
-3.636552
-3.606936
-3.580516
-3.551615
-3.522958
-3.493582
-3.462027
-3.430218
-3.397396
-3.364233
-3.333060
-3.301073
-3.266432
-3.238961
-3.212621
-3.179900
-3.153537
-3.126305
-3.093826
-3.065328
-3.035288
-2.999798
-2.970439
-2.940642
-2.912576
-2.885530
-2.857059
-2.828295
-2.797394
-2.767201
-2.735221
-2.704821
-2.672089
-2.640435
-2.610948
-2.583623
-2.555684
-2.521299
-2.487856
-2.458453
-2.430061
-2.398769
-2.369571
-2.339792
-2.306708
-2.277124
-2.250680
-2.223306
-2.194088
-2.162431
-2.132761
-2.104253
-2.074351
-2.042292
-2.011472
-1.980549
-1.948079
-1.917266
-1.889282
-1.859138
-1.827523
-1.794579
-1.765912
-1.736743
-1.706071
-1.675523
-1.643740
-1.611475
-1.583106
-1.556503
-1.529704
-1.499457
-1.469015
-1.439667
-1.412430
-1.384897
-1.353575
-1.321857
-1.288805
-1.256445
-1.226135
-1.195823
-1.166188
-1.133851
-1.101598
-1.072737
-1.044582
-1.015484
-0.984002
-0.953759
-0.923482
-0.894596
-0.867011
-0.839191
-0.809289
-0.779372
-0.751309
-0.722707
-0.691201
-0.657616
-0.626053
-0.596023
-0.567368
-0.538295
-0.507809
-0.476168
-0.442768
-0.410665
-0.382807
-0.354319
-0.325936
-0.292807
-0.260740
-0.231991
-0.204505
-0.176932
-0.146382
-0.115735
-0.084821
-0.055672
-0.028059
0.000141
0.032448
0.062948
0.093662
0.121886
0.153982
0.185571
0.217395
0.251130
0.281225
0.312169
0.342918
0.373539
0.401583
0.431306
0.460243
0.486492
0.514181
0.542894
0.571692
0.603912
0.631083
0.663019
0.695751
0.730890
0.759757
0.792641
0.819094
0.849879
0.881788
0.911075
0.940792
0.970749
1.002982
1.031438
1.061674
1.094678
1.121249
1.152278
1.178077
1.207162
1.244216
1.274844
1.296957
1.322996
1.350515
1.386947
1.415856
1.450300
1.488022
1.518467
1.541442
1.569883
1.603831
1.631654
1.659383
1.681885
1.704105
1.747171
1.787285
1.808554
1.840953
1.871087
1.907424
1.943700
1.976333
1.995426
2.023529
2.072841
2.095776
2.130043
2.150900
2.174905
4.852397
