-5.693792
-5.318269
-5.147778
-5.033277
-4.959273
-4.910208
-4.879993
-4.852533
-4.828775
-4.804228
-4.780319
-4.756907
-4.728375
-4.701012
-4.677843
-4.653556
-4.623196
-4.600595
-4.576898
-4.548142
-4.523381
-4.499795
-4.471769
-4.445446
-4.424326
-4.399888
-4.373587
-4.348383
-4.323406
-4.295569
-4.269058
-4.244111
-4.220460
-4.195334
-4.167253
-4.143235
-4.118753
-4.094575
-4.068382
-4.042432
-4.014711
-3.989003
-3.967272
-3.940833
-3.913992
-3.891655
-3.868425
-3.839247
-3.809016
-3.786551
-3.762082
-3.739115
-3.712882
-3.686763
-3.664300
-3.639722
-3.612856
-3.585203
-3.557351
-3.531574
-3.510105
-3.487765
-3.461209
-3.434327
-3.407915
-3.383986
-3.360882
-3.334289
-3.311828
-3.288187
-3.260682
-3.236160
-3.210346
-3.181068
-3.156673
-3.133209
-3.108106
-3.083476
-3.053908
-3.026492
-3.000189
-2.974991
-2.949106
-2.926105
-2.904720
-2.882758
-2.855847
-2.829646
-2.802793
-2.775626
-2.750080
-2.726191
-2.701200
-2.673491
-2.645976
-2.620736
-2.595377
-2.569868
-2.546084
-2.522142
-2.499370
-2.476073
-2.448754
-2.422675
-2.397190
-2.371960
-2.346627
-2.321470
-2.296748
-2.270310
-2.244755
-2.219883
-2.195010
-2.168996
-2.143591
-2.119405
-2.095791
-2.071137
-2.043540
-2.017490
-1.992103
-1.967466
-1.942683
-1.916604
-1.891101
-1.865711
-1.840143
-1.814854
-1.789636
-1.764026
-1.738334
-1.712796
-1.687828
-1.663144
-1.637877
-1.611817
-1.586486
-1.561173
-1.535971
-1.510693
-1.485927
-1.461274
-1.436219
-1.410737
-1.385205
-1.359245
-1.333487
-1.307697
-1.282299
-1.257075
-1.232561
-1.207863
-1.182412
-1.156791
-1.130460
-1.104224
-1.080240
-1.055638
-1.030550
-1.005587
-0.980230
-0.954130
-0.926785
-0.902252
-0.878128
-0.853404
-0.829087
-0.804258
-0.778882
-0.752930
-0.725958
-0.697785
-0.673031
-0.648632
-0.624256
-0.599652
-0.575409
-0.550942
-0.526899
-0.502348
-0.476589
-0.451083
-0.425726
-0.400467
-0.373060
-0.346166
-0.320098
-0.294509
-0.270533
-0.245551
-0.220931
-0.194329
-0.169808
-0.144205
-0.118861
-0.094126
-0.069471
-0.045624
-0.022568
0.001448
0.027748
0.053822
0.079444
0.105838
0.130976
0.156560
0.181948
0.206836
0.231896
0.258793
0.286143
0.312102
0.336795
0.360552
0.386106
0.410065
0.436191
0.461994
0.486151
0.510661
0.535445
0.560831
0.588410
0.614103
0.639086
0.666292
0.692106
0.716407
0.740338
0.765523
0.791542
0.811919
0.835613
0.861674
0.889196
0.913514
0.939660
0.966661
0.992162
1.020115
1.050857
1.070120
1.096672
1.120646
1.145726
1.169434
1.200670
1.227574
1.255026
1.277177
1.300574
1.325060
1.356900
1.385591
1.400675
3.342400
