-6.695313
-6.223423
-5.981099
-5.835561
-5.755557
-5.685321
-5.644068
-5.610318
-5.576675
-5.541655
-5.509466
-5.474841
-5.454523
-5.420096
-5.389303
-5.360763
-5.325995
-5.288043
-5.258234
-5.226148
-5.195381
-5.166260
-5.130000
-5.099473
-5.069541
-5.032381
-5.002434
-4.972652
-4.941545
-4.909997
-4.879554
-4.849724
-4.816494
-4.782644
-4.749604
-4.717694
-4.687790
-4.654256
-4.624600
-4.596930
-4.563150
-4.530981
-4.497796
-4.463388
-4.429910
-4.400352
-4.368773
-4.337236
-4.303898
-4.270626
-4.240660
-4.209968
-4.180353
-4.149484
-4.117190
-4.084137
-4.051595
-4.017770
-3.988885
-3.957931
-3.922523
-3.891497
-3.859670
-3.827607
-3.795643
-3.762403
-3.733792
-3.701123
-3.666074
-3.637554
-3.608701
-3.579490
-3.540980
-3.500544
-3.468187
-3.436480
-3.403075
-3.371371
-3.349422
-3.324849
-3.291133
-3.255011
-3.219434
-3.184111
-3.156395
-3.129097
-3.093627
-3.065538
-3.036649
-2.999553
-2.969471
-2.939285
-2.898733
-2.865577
-2.834385
-2.804478
-2.773467
-2.741444
-2.708451
-2.675462
-2.642137
-2.612410
-2.586470
-2.559925
-2.524467
-2.487941
-2.453980
-2.424424
-2.395517
-2.361783
-2.331224
-2.300269
-2.264687
-2.231971
-2.199383
-2.169347
-2.140101
-2.109941
-2.078006
-2.043439
-2.012020
-1.980929
-1.947196
-1.915123
-1.882607
-1.851411
-1.821873
-1.791232
-1.759927
-1.729252
-1.699008
-1.667694
-1.637710
-1.606945
-1.570356
-1.536217
-1.503066
-1.470385
-1.440101
-1.412261
-1.383432
-1.346482
-1.311648
-1.279705
-1.247844
-1.214126
-1.184154
-1.155757
-1.127480
-1.096536
-1.058441
-1.022864
-0.988401
-0.955911
-0.922722
-0.894547
-0.867076
-0.837704
-0.803184
-0.768554
-0.733376
-0.695145
-0.665936
-0.637629
-0.609117
-0.580447
-0.548897
-0.514541
-0.480478
-0.446288
-0.410500
-0.382250
-0.354356
-0.324524
-0.290682
-0.258267
-0.225178
-0.192453
-0.161462
-0.130231
-0.099375
-0.067510
-0.035617
-0.000236
0.030878
0.060498
0.091251
0.122414
0.152637
0.185405
0.218904
0.251190
0.284424
0.314042
0.342082
0.373354
0.406115
0.440553
0.471706
0.504565
0.533036
0.562981
0.595333
0.626872
0.661848
0.693270
0.726038
0.759392
0.789929
0.819424
0.850165
0.879867
0.914704
0.948395
0.979337
1.009396
1.038500
1.067399
1.099630
1.138142
1.170146
1.201509
1.227607
1.257703
1.296781
1.332610
1.357460
1.385627
1.418421
1.457780
1.494471
1.522020
1.545786
1.578330
1.611293
1.652506
1.681310
1.708954
1.746341
1.789400
1.814107
1.844207
1.874615
1.903580
1.943965
1.965028
1.999635
2.040544
2.078424
2.105088
2.131509
2.167779
2.197001
2.224713
2.254820
5.156072
