-5.990497
-5.564614
-5.387214
-5.273162
-5.192544
-5.149442
-5.114054
-5.089447
-5.066361
-5.044604
-5.012126
-4.987548
-4.960769
-4.935814
-4.910390
-4.882685
-4.855689
-4.825949
-4.805543
-4.781006
-4.754685
-4.723342
-4.699079
-4.671358
-4.649609
-4.625533
-4.599743
-4.573250
-4.547518
-4.520110
-4.495092
-4.469534
-4.446321
-4.419436
-4.389594
-4.363632
-4.338894
-4.310995
-4.284874
-4.262267
-4.238427
-4.212055
-4.184001
-4.158945
-4.134176
-4.110167
-4.083739
-4.057697
-4.033429
-4.005006
-3.978614
-3.951471
-3.928198
-3.902207
-3.875214
-3.850205
-3.825286
-3.801327
-3.772009
-3.743225
-3.716803
-3.691739
-3.666608
-3.641406
-3.616410
-3.589325
-3.563003
-3.539885
-3.516620
-3.489281
-3.462273
-3.436539
-3.410068
-3.384449
-3.358465
-3.330578
-3.302033
-3.276251
-3.252917
-3.227000
-3.202204
-3.177636
-3.152586
-3.127356
-3.100246
-3.074301
-3.048653
-3.023154
-2.997412
-2.971083
-2.945431
-2.919336
-2.893443
-2.867298
-2.840734
-2.816713
-2.792017
-2.765575
-2.739345
-2.712824
-2.687666
-2.662202
-2.635778
-2.609962
-2.584492
-2.559066
-2.532656
-2.506700
-2.480367
-2.454179
-2.428743
-2.403243
-2.377535
-2.351433
-2.325761
-2.299730
-2.273639
-2.247792
-2.221987
-2.195769
-2.170186
-2.144773
-2.119577
-2.095089
-2.069622
-2.042754
-2.016780
-1.990441
-1.964892
-1.939652
-1.913928
-1.888042
-1.862004
-1.836172
-1.810064
-1.784270
-1.758362
-1.731835
-1.705942
-1.679739
-1.654040
-1.629061
-1.603403
-1.577476
-1.551539
-1.525423
-1.499499
-1.474024
-1.447618
-1.421177
-1.394139
-1.368718
-1.343898
-1.318573
-1.292800
-1.267601
-1.241899
-1.215436
-1.189991
-1.164754
-1.139695
-1.114967
-1.089739
-1.062553
-1.035492
-1.009066
-0.983346
-0.958143
-0.932474
-0.906927
-0.880538
-0.854732
-0.828815
-0.803297
-0.777485
-0.751527
-0.725200
-0.698696
-0.673372
-0.647816
-0.621792
-0.595653
-0.569563
-0.543904
-0.518394
-0.493290
-0.468942
-0.443732
-0.416909
-0.390964
-0.364354
-0.339036
-0.313258
-0.287031
-0.261069
-0.234991
-0.209407
-0.183961
-0.158230
-0.132734
-0.106855
-0.080144
-0.054011
-0.027902
-0.001182
0.024643
0.050156
0.074314
0.099945
0.125146
0.150289
0.175760
0.201664
0.229173
0.256833
0.283290
0.308432
0.332724
0.358541
0.385583
0.413104
0.438185
0.462309
0.486748
0.511491
0.536972
0.564313
0.591306
0.617559
0.644440
0.670245
0.693552
0.722737
0.749494
0.774042
0.798055
0.823904
0.845218
0.872893
0.899930
0.927943
0.954933
0.982180
1.008664
1.035551
1.058983
1.078766
1.100161
1.131691
1.161309
1.184679
1.212494
1.232990
1.259035
1.289591
2.902882
