-6.217152
-6.003555
-5.852932
-5.740219
-5.654730
-5.612271
-5.574811
-5.542396
-5.516797
-5.488606
-5.451845
-5.420255
-5.387290
-5.356031
-5.321545
-5.290198
-5.263003
-5.235071
-5.207657
-5.176070
-5.147285
-5.117911
-5.088599
-5.055389
-5.023768
-4.994640
-4.966581
-4.932840
-4.901400
-4.871988
-4.841152
-4.812353
-4.782812
-4.752620
-4.724134
-4.691303
-4.662915
-4.628955
-4.596898
-4.568834
-4.541148
-4.511630
-4.477712
-4.448160
-4.418446
-4.388035
-4.356418
-4.325789
-4.297222
-4.267903
-4.238581
-4.210093
-4.180837
-4.148830
-4.115256
-4.083213
-4.052890
-4.024026
-3.994675
-3.962140
-3.932232
-3.901352
-3.870214
-3.838924
-3.807917
-3.780268
-3.748894
-3.717297
-3.688478
-3.659539
-3.630157
-3.596452
-3.561918
-3.531584
-3.502081
-3.471297
-3.440248
-3.409508
-3.383925
-3.356253
-3.325436
-3.294100
-3.261812
-3.229273
-3.200107
-3.172937
-3.142866
-3.112403
-3.081900
-3.050058
-3.020629
-2.991988
-2.963015
-2.931988
-2.898808
-2.868449
-2.838391
-2.808400
-2.778101
-2.746642
-2.714743
-2.685152
-2.657026
-2.628355
-2.596958
-2.566151
-2.535978
-2.506630
-2.477349
-2.447231
-2.417984
-2.388486
-2.356527
-2.325463
-2.294590
-2.262838
-2.231660
-2.200718
-2.170431
-2.140521
-2.110304
-2.080006
-2.049275
-2.018344
-1.987490
-1.955607
-1.926284
-1.897782
-1.869000
-1.840093
-1.811475
-1.781973
-1.748875
-1.716730
-1.686588
-1.657234
-1.628791
-1.600186
-1.568237
-1.536722
-1.505511
-1.474669
-1.445000
-1.415190
-1.384858
-1.353846
-1.323058
-1.292241
-1.261330
-1.231136
-1.200540
-1.168997
-1.137828
-1.105030
-1.076308
-1.047579
-1.017206
-0.986737
-0.956225
-0.925342
-0.895942
-0.867082
-0.837906
-0.808232
-0.778541
-0.749074
-0.719814
-0.691407
-0.659889
-0.628464
-0.596701
-0.564813
-0.533800
-0.502633
-0.472243
-0.441722
-0.410188
-0.379835
-0.349487
-0.319766
-0.289846
-0.260095
-0.230154
-0.199785
-0.168853
-0.139433
-0.109604
-0.080960
-0.053667
-0.026644
0.000314
0.032517
0.065873
0.098685
0.129688
0.161759
0.193277
0.223992
0.254068
0.284094
0.315005
0.345056
0.376094
0.406030
0.437609
0.468998
0.500759
0.529621
0.561030
0.592918
0.625058
0.658481
0.692429
0.718873
0.746315
0.773737
0.803006
0.834769
0.863725
0.892812
0.919323
0.947739
0.981752
1.017899
1.046736
1.072795
1.099199
1.132552
1.164744
1.200011
1.228848
1.255109
1.284780
1.314716
1.348740
1.386489
1.416879
1.446985
1.477489
1.503411
1.529195
1.560757
1.587712
1.609570
1.642389
1.676422
1.711993
1.742875
1.772980
1.792252
1.823798
1.856472
1.892921
1.920296
1.955954
4.475026
