-6.958752
-6.139215
-5.745009
-5.595521
-5.518521
-5.478508
-5.444559
-5.403123
-5.381042
-5.341371
-5.306398
-5.284267
-5.258860
-5.224964
-5.200049
-5.159046
-5.129439
-5.098659
-5.055276
-5.031963
-5.008698
-4.978848
-4.943278
-4.913543
-4.885468
-4.854959
-4.821987
-4.788863
-4.762416
-4.731158
-4.698268
-4.667260
-4.636692
-4.606768
-4.576296
-4.544939
-4.515893
-4.487149
-4.454239
-4.425701
-4.392380
-4.361784
-4.328862
-4.295799
-4.267017
-4.236766
-4.210797
-4.181654
-4.149404
-4.116838
-4.085323
-4.052998
-4.024521
-3.995477
-3.961784
-3.932863
-3.902915
-3.871977
-3.839777
-3.808819
-3.783009
-3.749854
-3.716604
-3.688653
-3.661338
-3.632811
-3.597765
-3.560485
-3.528813
-3.498247
-3.466080
-3.435879
-3.405539
-3.383154
-3.359541
-3.328319
-3.293470
-3.257782
-3.224052
-3.198720
-3.172253
-3.139336
-3.112550
-3.084055
-3.047535
-3.017367
-2.990126
-2.953163
-2.921023
-2.891511
-2.863183
-2.832816
-2.801827
-2.772461
-2.741636
-2.708491
-2.675355
-2.643226
-2.617267
-2.591911
-2.561428
-2.526229
-2.490708
-2.460916
-2.430963
-2.399364
-2.370340
-2.339187
-2.306045
-2.277289
-2.251491
-2.223780
-2.195189
-2.164706
-2.134421
-2.104145
-2.075156
-2.040694
-2.006955
-1.975691
-1.945317
-1.913740
-1.882172
-1.851592
-1.821428
-1.791271
-1.760495
-1.730024
-1.700024
-1.669288
-1.638248
-1.608267
-1.577240
-1.546162
-1.514280
-1.484433
-1.454562
-1.422363
-1.388722
-1.359438
-1.330334
-1.302656
-1.274753
-1.244835
-1.212318
-1.182441
-1.153734
-1.125073
-1.096456
-1.063502
-1.032134
-1.002779
-0.973397
-0.943863
-0.912522
-0.879704
-0.846818
-0.815379
-0.784879
-0.755074
-0.725210
-0.693463
-0.661175
-0.629318
-0.598963
-0.568154
-0.537863
-0.508855
-0.478244
-0.447059
-0.411829
-0.382167
-0.354517
-0.324972
-0.292622
-0.261920
-0.231916
-0.202916
-0.172918
-0.139482
-0.108015
-0.080995
-0.055820
-0.028772
0.000570
0.034868
0.066004
0.097027
0.126766
0.158071
0.189810
0.222101
0.255398
0.287686
0.317230
0.345919
0.375923
0.408404
0.438825
0.469548
0.502365
0.530116
0.558528
0.592695
0.622490
0.658457
0.691591
0.718421
0.746841
0.775501
0.807594
0.840967
0.866925
0.893542
0.925207
0.958933
0.990667
1.020633
1.048478
1.075491
1.100762
1.135594
1.167417
1.204877
1.233829
1.259147
1.285569
1.317431
1.347555
1.384641
1.418717
1.450300
1.478585
1.504365
1.536949
1.567464
1.606890
1.640730
1.663218
1.696896
1.724760
1.757818
1.792049
1.812397
1.849893
1.878896
1.900663
1.942886
1.962026
1.999485
2.017899
2.052470
2.084606
2.110320
2.153371
4.858833
