-6.447200
-5.893973
-5.662108
-5.493208
-5.404146
-5.349695
-5.303288
-5.277847
-5.251070
-5.227262
-5.200911
-5.166705
-5.138087
-5.102070
-5.076859
-5.047826
-5.016500
-4.986872
-4.959870
-4.930804
-4.900558
-4.870064
-4.843094
-4.814069
-4.787316
-4.759472
-4.728779
-4.701205
-4.674098
-4.644830
-4.614719
-4.586598
-4.554881
-4.526406
-4.497648
-4.471321
-4.443550
-4.411973
-4.386659
-4.354025
-4.323755
-4.297859
-4.270171
-4.240227
-4.210368
-4.179833
-4.149639
-4.118969
-4.093866
-4.068463
-4.035259
-4.007089
-3.980469
-3.951176
-3.922267
-3.893481
-3.868673
-3.838240
-3.807112
-3.780527
-3.750108
-3.716943
-3.690068
-3.663230
-3.635437
-3.609102
-3.580819
-3.552471
-3.524089
-3.494198
-3.463569
-3.433768
-3.403397
-3.372436
-3.348817
-3.324038
-3.291324
-3.257998
-3.225443
-3.199038
-3.174092
-3.142095
-3.115634
-3.090840
-3.064657
-3.035974
-3.000427
-2.972160
-2.943895
-2.916598
-2.889140
-2.860372
-2.831809
-2.801998
-2.772089
-2.741872
-2.710807
-2.683189
-2.658306
-2.633094
-2.601341
-2.568986
-2.541404
-2.514728
-2.484553
-2.453310
-2.424783
-2.397480
-2.368798
-2.339346
-2.306646
-2.277831
-2.251482
-2.224859
-2.196521
-2.167752
-2.139253
-2.110112
-2.080326
-2.051915
-2.023173
-1.994302
-1.967435
-1.940785
-1.908170
-1.878188
-1.849737
-1.821691
-1.792418
-1.764232
-1.736076
-1.706084
-1.676179
-1.645684
-1.613606
-1.586429
-1.559929
-1.532584
-1.504034
-1.475083
-1.445834
-1.416658
-1.387208
-1.359018
-1.331124
-1.302666
-1.275380
-1.246521
-1.215440
-1.186246
-1.157621
-1.129100
-1.099843
-1.071827
-1.044966
-1.016632
-0.986297
-0.955485
-0.924224
-0.897123
-0.870347
-0.843305
-0.814634
-0.785502
-0.755994
-0.726026
-0.694649
-0.666761
-0.639097
-0.611684
-0.583997
-0.556799
-0.530053
-0.503057
-0.472215
-0.440483
-0.409222
-0.380355
-0.353187
-0.325029
-0.294891
-0.267686
-0.241488
-0.213346
-0.183683
-0.154768
-0.126022
-0.096396
-0.066680
-0.034816
-0.001417
0.024941
0.050347
0.077244
0.105002
0.133658
0.161969
0.191153
0.220837
0.250732
0.282734
0.311352
0.339310
0.368784
0.400923
0.427315
0.453058
0.478838
0.509867
0.538280
0.566240
0.596783
0.626973
0.658630
0.691390
0.716270
0.744018
0.772241
0.801005
0.827975
0.852667
0.888378
0.916239
0.946033
0.976471
1.006642
1.035354
1.068045
1.096371
1.117023
1.139580
1.168564
1.201892
1.229984
1.259873
1.287960
1.317165
1.344899
1.381272
1.403863
1.432304
1.461018
1.490209
1.519471
1.546214
1.587116
1.609551
1.636477
1.656744
1.693212
1.724647
1.751931
1.789065
1.804764
1.835577
4.150625
