-6.413381
-5.945652
-5.720284
-5.602450
-5.524180
-5.467297
-5.428783
-5.399482
-5.372432
-5.348820
-5.321012
-5.288167
-5.260830
-5.237904
-5.209207
-5.182858
-5.153178
-5.127848
-5.099503
-5.071838
-5.045767
-5.018322
-4.992338
-4.966103
-4.937215
-4.908177
-4.882721
-4.854889
-4.828785
-4.799551
-4.769505
-4.744880
-4.717260
-4.690434
-4.663811
-4.635712
-4.604539
-4.580024
-4.554512
-4.526688
-4.499140
-4.471490
-4.442320
-4.414077
-4.388385
-4.361221
-4.336121
-4.309691
-4.282846
-4.254958
-4.225649
-4.197543
-4.167770
-4.143293
-4.116963
-4.086008
-4.060384
-4.033875
-4.006909
-3.978483
-3.950868
-3.921453
-3.894070
-3.871251
-3.846497
-3.817798
-3.787551
-3.760468
-3.736107
-3.711011
-3.685229
-3.657767
-3.624401
-3.591216
-3.569856
-3.549119
-3.522284
-3.492989
-3.462537
-3.433741
-3.403251
-3.373143
-3.349283
-3.324709
-3.295279
-3.265378
-3.239845
-3.214374
-3.185019
-3.158017
-3.132731
-3.107697
-3.081359
-3.049054
-3.021846
-2.995283
-2.967666
-2.941905
-2.914796
-2.887708
-2.859801
-2.831868
-2.803189
-2.775995
-2.750186
-2.725605
-2.699954
-2.669837
-2.640597
-2.612481
-2.585633
-2.558836
-2.530903
-2.504133
-2.477958
-2.449369
-2.422468
-2.395407
-2.367692
-2.339022
-2.309302
-2.282904
-2.256542
-2.229073
-2.201339
-2.174932
-2.148252
-2.121827
-2.096456
-2.070774
-2.041320
-2.011883
-1.982602
-1.953400
-1.926981
-1.901126
-1.874813
-1.847652
-1.820336
-1.792665
-1.765556
-1.738194
-1.710551
-1.683124
-1.656420
-1.630586
-1.604468
-1.576637
-1.549034
-1.521732
-1.494397
-1.466159
-1.438328
-1.411059
-1.383971
-1.356062
-1.328819
-1.301819
-1.275079
-1.248432
-1.220786
-1.192262
-1.163958
-1.135155
-1.105666
-1.079956
-1.053862
-1.027544
-1.001028
-0.974157
-0.946696
-0.919149
-0.892668
-0.865636
-0.838541
-0.810558
-0.782974
-0.754580
-0.725834
-0.696958
-0.670678
-0.644888
-0.618135
-0.590929
-0.563592
-0.536475
-0.509055
-0.482285
-0.455319
-0.428332
-0.402072
-0.375434
-0.347528
-0.319182
-0.291420
-0.263329
-0.233849
-0.206603
-0.180589
-0.153452
-0.126044
-0.100425
-0.074645
-0.049404
-0.023251
0.001955
0.031888
0.061631
0.090553
0.118749
0.145191
0.171681
0.197861
0.226294
0.254530
0.282729
0.310139
0.338938
0.367810
0.397615
0.424808
0.451674
0.479675
0.505801
0.531202
0.555804
0.582348
0.609700
0.638639
0.665732
0.693197
0.720598
0.751113
0.776003
0.797302
0.823144
0.854051
0.879829
0.912093
0.940687
0.971649
0.999711
1.021365
1.044798
1.081415
1.101413
1.132468
1.158683
1.190964
1.216344
1.240142
1.257685
1.291643
1.326096
1.350384
3.065532
