-6.843874
-6.303436
-6.194386
-6.084456
-6.033081
-6.011240
-5.983936
-5.949339
-5.913474
-5.891164
-5.856646
-5.825220
-5.786704
-5.746942
-5.725742
-5.686975
-5.659482
-5.624715
-5.598106
-5.553825
-5.522214
-5.477461
-5.447118
-5.409968
-5.371480
-5.343466
-5.302594
-5.276707
-5.241192
-5.212981
-5.177952
-5.142440
-5.109820
-5.076113
-5.040953
-5.009431
-4.976008
-4.941382
-4.904045
-4.871771
-4.839224
-4.808498
-4.774123
-4.745741
-4.704669
-4.672981
-4.640236
-4.607425
-4.572101
-4.536895
-4.501408
-4.465563
-4.436169
-4.405169
-4.369837
-4.334859
-4.303449
-4.270387
-4.232833
-4.199601
-4.164789
-4.133724
-4.099426
-4.066895
-4.033156
-3.999069
-3.963572
-3.930816
-3.896458
-3.860734
-3.826672
-3.794051
-3.760805
-3.727745
-3.693300
-3.664173
-3.634254
-3.597761
-3.560610
-3.525913
-3.495968
-3.463183
-3.432348
-3.399409
-3.364198
-3.329926
-3.293166
-3.258908
-3.221677
-3.183830
-3.157821
-3.129055
-3.089991
-3.051031
-3.020274
-2.990303
-2.951790
-2.920732
-2.889564
-2.857741
-2.824351
-2.776922
-2.743324
-2.709759
-2.674597
-2.641320
-2.611586
-2.585545
-2.559629
-2.523337
-2.487067
-2.454133
-2.424833
-2.392699
-2.350238
-2.307634
-2.274974
-2.241328
-2.200299
-2.170202
-2.142127
-2.110923
-2.079117
-2.044679
-2.012879
-1.980151
-1.945404
-1.909385
-1.875224
-1.845945
-1.817627
-1.788718
-1.749668
-1.713048
-1.680789
-1.648024
-1.609720
-1.573555
-1.539759
-1.508688
-1.477383
-1.447114
-1.418189
-1.385942
-1.348776
-1.312201
-1.280382
-1.249413
-1.210900
-1.176094
-1.140762
-1.099704
-1.067308
-1.038701
-1.007912
-0.976264
-0.944804
-0.914631
-0.877496
-0.842436
-0.802758
-0.766493
-0.732387
-0.693718
-0.663832
-0.629846
-0.599283
-0.564505
-0.536216
-0.505967
-0.469451
-0.434167
-0.400700
-0.364787
-0.331196
-0.294337
-0.263128
-0.230412
-0.192285
-0.159303
-0.123069
-0.090997
-0.061225
-0.031348
0.000001
0.033024
0.069829
0.107690
0.142986
0.179102
0.217430
0.251041
0.282038
0.316301
0.347503
0.387826
0.412610
0.448332
0.479610
0.516909
0.551889
0.580835
0.613128
0.650053
0.692543
0.720979
0.745283
0.781443
0.813804
0.842796
0.883300
0.916335
0.951531
0.988188
1.026306
1.067684
1.098342
1.120294
1.149921
1.193020
1.221455
1.241472
1.275424
1.320881
1.360154
1.389349
1.426227
1.470343
1.503121
1.534396
1.555800
1.603759
1.615779
1.650406
1.700374
1.724666
1.757461
1.796937
1.837252
1.865286
1.893320
1.921050
1.965339
1.991969
2.042485
2.075951
2.096193
2.127519
2.158844
2.194972
2.230978
2.266985
2.313338
2.334175
2.366106
5.442689
