-6.503597
-6.128495
-5.951909
-5.827787
-5.785361
-5.750927
-5.717024
-5.696237
-5.651316
-5.619772
-5.598411
-5.564631
-5.535676
-5.491201
-5.457192
-5.427279
-5.400956
-5.366698
-5.330011
-5.305486
-5.274717
-5.236038
-5.213749
-5.178735
-5.149215
-5.111550
-5.078821
-5.049071
-5.015751
-4.983842
-4.951753
-4.922448
-4.887156
-4.858590
-4.822862
-4.790086
-4.756371
-4.727551
-4.695014
-4.661976
-4.628198
-4.597220
-4.563293
-4.530973
-4.500239
-4.473407
-4.439342
-4.405678
-4.374558
-4.344804
-4.311520
-4.274371
-4.239985
-4.211039
-4.179110
-4.149781
-4.117993
-4.085255
-4.050585
-4.018034
-3.987797
-3.960443
-3.924362
-3.891104
-3.860271
-3.829153
-3.795872
-3.764321
-3.736108
-3.701772
-3.667176
-3.637198
-3.609216
-3.579438
-3.549774
-3.510574
-3.468837
-3.435517
-3.401942
-3.371321
-3.349824
-3.325001
-3.290762
-3.255038
-3.218931
-3.183176
-3.157163
-3.128860
-3.093831
-3.067068
-3.037449
-2.999269
-2.969550
-2.938898
-2.898790
-2.866401
-2.833925
-2.804384
-2.772944
-2.740782
-2.708554
-2.676028
-2.641649
-2.611454
-2.585097
-2.559555
-2.522745
-2.485890
-2.451311
-2.423477
-2.395571
-2.361230
-2.330421
-2.299430
-2.264030
-2.230892
-2.198261
-2.165702
-2.134222
-2.104553
-2.076118
-2.040499
-2.006703
-1.975122
-1.944591
-1.909454
-1.876583
-1.846350
-1.817896
-1.788422
-1.748700
-1.711689
-1.678005
-1.646023
-1.611152
-1.582853
-1.556827
-1.527655
-1.495655
-1.460765
-1.424324
-1.387940
-1.359226
-1.330783
-1.301598
-1.273282
-1.244539
-1.209333
-1.174471
-1.138690
-1.100177
-1.070970
-1.041540
-1.011993
-0.981262
-0.950086
-0.916243
-0.882828
-0.849868
-0.818662
-0.787826
-0.759696
-0.727075
-0.693216
-0.662205
-0.630613
-0.596919
-0.564765
-0.534805
-0.503729
-0.472428
-0.439350
-0.406750
-0.375501
-0.344097
-0.314452
-0.284393
-0.250936
-0.215766
-0.182266
-0.151643
-0.118189
-0.085895
-0.058115
-0.031103
0.000009
0.037285
0.071975
0.103905
0.134311
0.165820
0.199113
0.229679
0.263796
0.294591
0.328066
0.363159
0.401570
0.431997
0.461414
0.491780
0.517547
0.554950
0.588765
0.618923
0.654495
0.692126
0.717173
0.749438
0.778773
0.809638
0.845761
0.877301
0.912617
0.944557
0.973076
1.002098
1.032562
1.064946
1.097991
1.119443
1.152058
1.190202
1.226428
1.257335
1.289278
1.321351
1.356966
1.386559
1.414495
1.452652
1.481607
1.513984
1.546460
1.575079
1.609055
1.642474
1.677718
1.699906
1.739270
1.779379
1.792908
1.824603
1.864257
1.904479
1.941771
1.954892
1.986632
2.031138
2.051798
2.083486
2.114122
2.158385
2.197147
2.218374
4.884150
