-6.385194
-5.697732
-5.535904
-5.406883
-5.325312
-5.264837
-5.236442
-5.208084
-5.176126
-5.136375
-5.117126
-5.098849
-5.058342
-5.037360
-4.992445
-4.969800
-4.939141
-4.917324
-4.886559
-4.861260
-4.835881
-4.794568
-4.769938
-4.737549
-4.710731
-4.680093
-4.652668
-4.626185
-4.598715
-4.565599
-4.534689
-4.505649
-4.476758
-4.448648
-4.421870
-4.389122
-4.361708
-4.330319
-4.298146
-4.271692
-4.243611
-4.212078
-4.184187
-4.152924
-4.120717
-4.094151
-4.067052
-4.034833
-4.008240
-3.980035
-3.950705
-3.921267
-3.889307
-3.861045
-3.830175
-3.804007
-3.773385
-3.741636
-3.712993
-3.685057
-3.657332
-3.622865
-3.585851
-3.555579
-3.527508
-3.498345
-3.466999
-3.437968
-3.415621
-3.393892
-3.363174
-3.331072
-3.297340
-3.263931
-3.237330
-3.213247
-3.180159
-3.154331
-3.128455
-3.095187
-3.066357
-3.035700
-2.998460
-2.968866
-2.942458
-2.916140
-2.888577
-2.860081
-2.831628
-2.800558
-2.770986
-2.739063
-2.707665
-2.675447
-2.643560
-2.617897
-2.592254
-2.563294
-2.534554
-2.508571
-2.481350
-2.450058
-2.422026
-2.394435
-2.362628
-2.332706
-2.302790
-2.272255
-2.240120
-2.204385
-2.175830
-2.146901
-2.116781
-2.084955
-2.060896
-2.035188
-2.005509
-1.975444
-1.945880
-1.916514
-1.889397
-1.860192
-1.828511
-1.796307
-1.768173
-1.738940
-1.708714
-1.677942
-1.646041
-1.613422
-1.585378
-1.559507
-1.531169
-1.502754
-1.474016
-1.444617
-1.415536
-1.386111
-1.357771
-1.328001
-1.300294
-1.271767
-1.244026
-1.213084
-1.184167
-1.155323
-1.126691
-1.097378
-1.066546
-1.037017
-1.008254
-0.977738
-0.947228
-0.917177
-0.886733
-0.855868
-0.828240
-0.798695
-0.769771
-0.742988
-0.718513
-0.690986
-0.658122
-0.628074
-0.596535
-0.565688
-0.536637
-0.506393
-0.474748
-0.441180
-0.408901
-0.382319
-0.354220
-0.326550
-0.297091
-0.268574
-0.241334
-0.213574
-0.182910
-0.153886
-0.124015
-0.093468
-0.062096
-0.031135
-0.000497
0.029298
0.057178
0.085070
0.112667
0.143884
0.173712
0.201808
0.229338
0.258540
0.290873
0.320204
0.349199
0.380406
0.411250
0.442377
0.469362
0.499550
0.529970
0.555596
0.583409
0.610382
0.633641
0.660988
0.693768
0.728983
0.758100
0.789300
0.820837
0.851034
0.882207
0.912679
0.947291
0.975103
1.003955
1.033012
1.061820
1.093940
1.117152
1.144189
1.174371
1.204287
1.229897
1.261848
1.290251
1.321199
1.355079
1.385619
1.408182
1.437542
1.468759
1.497177
1.531192
1.557187
1.584083
1.611395
1.655022
1.669331
1.690414
1.728063
1.756627
1.792549
1.819203
1.848042
1.882595
1.909543
1.945910
1.976306
2.001224
2.029449
2.057673
4.808305
